{
    "Precision": 0.7292817679558011,
    "Recall": 0.7951807228915663,
    "Accuracy": 0.740625,
    "F1": 0.760806916426513,
    "Micro-F1": 0.740625,
    "Macro-F1": 0.7387652329572838,
    "Weighted-F1": 0.7395917960873799
}